$ConstantWeight
0
$Polar
0
$Nodes
14
1.0 0 0 0.066666666666667
-1.0 0 0 0.066666666666667
0 1.0 0 0.066666666666667
0 -1.0 0 0.066666666666667
0 0 1.0 0.066666666666667
0 0 -1.0 0.066666666666667
0.57735026919 0.57735026919 0.57735026919 0.075000000000000
0.57735026919 0.57735026919 -0.57735026919 0.075000000000000
0.57735026919 -0.57735026919 0.57735026919 0.075000000000000
0.57735026919 -0.57735026919 -0.57735026919 0.075000000000000
-0.57735026919 0.57735026919 0.57735026919 0.075000000000000
-0.57735026919 0.57735026919 -0.57735026919 0.075000000000000
-0.57735026919 -0.57735026919 0.57735026919 0.075000000000000
-0.57735026919 -0.57735026919 -0.57735026919 0.075000000000000
$EndNodes