$ConstantWeight
0
$Polar
0
$Nodes
38
1.0 0 0 0.009523809523810
-1.0 0 0 0.009523809523810
0 1.0 0 0.009523809523810
0 -1.0 0 0.009523809523810
0 0 1.0 0.009523809523810
0 0 -1.0 0.009523809523810
0.57735026919 0.57735026919 0.57735026919 0.032142857142857
0.57735026919 0.57735026919 -0.57735026919 0.032142857142857
0.57735026919 -0.57735026919 0.57735026919 0.032142857142857
0.57735026919 -0.57735026919 -0.57735026919 0.032142857142857
-0.57735026919 0.57735026919 0.57735026919 0.032142857142857
-0.57735026919 0.57735026919 -0.57735026919 0.032142857142857
-0.57735026919 -0.57735026919 0.57735026919 0.032142857142857
-0.57735026919 -0.57735026919 -0.57735026919 0.032142857142857
0.459700843381 0.888073833977 0 0.028571428571429
0.459700843381 -0.888073833977 0 0.028571428571429
-0.459700843381 0.888073833977 0 0.028571428571429
-0.459700843381 -0.888073833977 0 0.028571428571429
0.888073833977 0.459700843381 0 0.028571428571429
0.888073833977 -0.459700843381 0 0.028571428571429
-0.888073833977 0.459700843381 0 0.028571428571429
-0.888073833977 -0.459700843381 0 0.028571428571429
0.459700843381 0 0.888073833977 0.028571428571429
0.459700843381 0 -0.888073833977 0.028571428571429
-0.459700843381 0 0.888073833977 0.028571428571429
-0.459700843381 0 -0.888073833977 0.028571428571429
0.888073833977 0 0.459700843381 0.028571428571429
0.888073833977 0 -0.459700843381 0.028571428571429
-0.888073833977 0 0.459700843381 0.028571428571429
-0.888073833977 0 -0.459700843381 0.028571428571429
0 0.459700843381 0.888073833977 0.028571428571429
0 0.459700843381 -0.888073833977 0.028571428571429
0 -0.459700843381 0.888073833977 0.028571428571429
0 -0.459700843381 -0.888073833977 0.028571428571429
0 0.888073833977 0.459700843381 0.028571428571429
0 0.888073833977 -0.459700843381 0.028571428571429
0 -0.888073833977 0.459700843381 0.028571428571429
0 -0.888073833977 -0.459700843381 0.028571428571429
$EndNodes