$ConstantWeight
0
$Polar
0
$Nodes
26
1.0 0 0 0.047619047619048
-1.0 0 0 0.047619047619048
0 1.0 0 0.047619047619048
0 -1.0 0 0.047619047619048
0 0 1.0 0.047619047619048
0 0 -1.0 0.047619047619048
0 0.707106781187 0.707106781187 0.038095238095238
0 0.707106781187 -0.707106781187 0.038095238095238
0 -0.707106781187 0.707106781187 0.038095238095238
0 -0.707106781187 -0.707106781187 0.038095238095238
0.707106781187 0 0.707106781187 0.038095238095238
0.707106781187 0 -0.707106781187 0.038095238095238
-0.707106781187 0 0.707106781187 0.038095238095238
-0.707106781187 0 -0.707106781187 0.038095238095238
0.707106781187 0.707106781187 0 0.038095238095238
0.707106781187 -0.707106781187 0 0.038095238095238
-0.707106781187 0.707106781187 0 0.038095238095238
-0.707106781187 -0.707106781187 0 0.038095238095238
0.57735026919 0.57735026919 0.57735026919 0.032142857142857
0.57735026919 0.57735026919 -0.57735026919 0.032142857142857
0.57735026919 -0.57735026919 0.57735026919 0.032142857142857
0.57735026919 -0.57735026919 -0.57735026919 0.032142857142857
-0.57735026919 0.57735026919 0.57735026919 0.032142857142857
-0.57735026919 0.57735026919 -0.57735026919 0.032142857142857
-0.57735026919 -0.57735026919 0.57735026919 0.032142857142857
-0.57735026919 -0.57735026919 -0.57735026919 0.032142857142857
$EndNodes