$ConstantWeight
0
$Polar
0
$Nodes
50
1.0 0 0 0.012698412698413
-1.0 0 0 0.012698412698413
0 1.0 0 0.012698412698413
0 -1.0 0 0.012698412698413
0 0 1.0 0.012698412698413
0 0 -1.0 0.012698412698413
0 0.707106781187 0.707106781187 0.022574955908289
0 0.707106781187 -0.707106781187 0.022574955908289
0 -0.707106781187 0.707106781187 0.022574955908289
0 -0.707106781187 -0.707106781187 0.022574955908289
0.707106781187 0 0.707106781187 0.022574955908289
0.707106781187 0 -0.707106781187 0.022574955908289
-0.707106781187 0 0.707106781187 0.022574955908289
-0.707106781187 0 -0.707106781187 0.022574955908289
0.707106781187 0.707106781187 0 0.022574955908289
0.707106781187 -0.707106781187 0 0.022574955908289
-0.707106781187 0.707106781187 0 0.022574955908289
-0.707106781187 -0.707106781187 0 0.022574955908289
0.57735026919 0.57735026919 0.57735026919 0.021093750000000
0.57735026919 0.57735026919 -0.57735026919 0.021093750000000
0.57735026919 -0.57735026919 0.57735026919 0.021093750000000
0.57735026919 -0.57735026919 -0.57735026919 0.021093750000000
-0.57735026919 0.57735026919 0.57735026919 0.021093750000000
-0.57735026919 0.57735026919 -0.57735026919 0.021093750000000
-0.57735026919 -0.57735026919 0.57735026919 0.021093750000000
-0.57735026919 -0.57735026919 -0.57735026919 0.021093750000000
0.301511344578 0.301511344578 0.904534033733 0.020173335537919
0.301511344578 0.301511344578 -0.904534033733 0.020173335537919
0.301511344578 -0.301511344578 0.904534033733 0.020173335537919
0.301511344578 -0.301511344578 -0.904534033733 0.020173335537919
-0.301511344578 0.301511344578 0.904534033733 0.020173335537919
-0.301511344578 0.301511344578 -0.904534033733 0.020173335537919
-0.301511344578 -0.301511344578 0.904534033733 0.020173335537919
-0.301511344578 -0.301511344578 -0.904534033733 0.020173335537919
0.301511344578 0.904534033733 0.301511344578 0.020173335537919
0.301511344578 -0.904534033733 0.301511344578 0.020173335537919
0.301511344578 0.904534033733 -0.301511344578 0.020173335537919
0.301511344578 -0.904534033733 -0.301511344578 0.020173335537919
-0.301511344578 0.904534033733 0.301511344578 0.020173335537919
-0.301511344578 -0.904534033733 0.301511344578 0.020173335537919
-0.301511344578 0.904534033733 -0.301511344578 0.020173335537919
-0.301511344578 -0.904534033733 -0.301511344578 0.020173335537919
0.904534033733 0.301511344578 0.301511344578 0.020173335537919
-0.904534033733 0.301511344578 0.301511344578 0.020173335537919
0.904534033733 0.301511344578 -0.301511344578 0.020173335537919
-0.904534033733 0.301511344578 -0.301511344578 0.020173335537919
0.904534033733 -0.301511344578 0.301511344578 0.020173335537919
-0.904534033733 -0.301511344578 0.301511344578 0.020173335537919
0.904534033733 -0.301511344578 -0.301511344578 0.020173335537919
-0.904534033733 -0.301511344578 -0.301511344578 0.020173335537919
$EndNodes